Length of Load : 1000000
Workload One: 
99210 1 106940 2 96630 3 97060 4 102020 5 107270 6 95260 7 94560 8 91960 9 109090 10 
Workload Two: 
106940 2 99210 1 97060 4 96630 5 102020 5 107270 6 95260 7 94560 8 91960 9 109090 10 
Workload Three: 
106940 2 96630 3 97060 4 102020 5 107270 6 95260 7 94560 8 91960 9 109090 10 99210 1 
Workload Four: 
106940 2 96630 3 97060 4 102020 5 107270 6 95260 7 94560 8 91960 9 109090 10 99210 1 
Workload Five: 
15573 1 106940 2 83637 1 96630 5 97060 4 102020 5 107270 6 95260 7 94560 8 91960 9 109090 10 
